0.78
0.4588
0.4607
0.5762
1.3328
1.1932
0.6761
0.2672
1.9957
0.5325
0.2691
4.0013
2.8886
0.3726
1.2918
0.5833
0.8675
0.3745
2.7538
1.1166
1.24
0.934
0.8771
0.9887
0.5759
0.785
0.5869
4.0017
3.9871
0.6311
0.6206
0.3756
0.5355
1.1329
0.8951
0.5067
0.9844
0.4579
0.7151
2.0201
0.3625
1.877
1.2188
0.1679
1.5086
0.2165
1.5501
0.663
0.5891
2.0984
0.3678
1.4768
1.03
0.5805
0.364
0.8622
0.5698
0.3693
0.1939
4.0035
2.4845
0.8865
0.465
1.1832
4.0092
0.3536
0.1541
0.522
4.0018
0.6118
0.5624
0.7362
4.0099
1.9114
0.5303
0.5921
0.445
0.7785
0.4831
0.5836
4.0017
1.1661
0.5019
0.3647
0.8045
0.5403
1.1735
0.6623
0.1453
1.044
0.4344
0.5618
0.5323
1.2432
0.3775
0.5736
1.3883
0.1459
0.5638
1.7754
0.505
0.3583
0.3679
4.0014
0.5514
0.589
1.5171
1.1698
0.5198
1.1832
1.8039
0.3803
1.1812
1.1669
4.0015
0.5307
0.3637
1.4963
0.5654
0.38
0.3263
0.8882
0.3698
1.4394
1.1711
0.4606
1.565
1.3568
0.4604
0.5814
3.3266
0.6672
0.6811
1.1877
0.5284
4.0012
0.7797
0.3664
1.1258
0.3732
1.1655
0.1896
0.1853
0.5616
1.1701
0.5198
1.5076
0.5615
0.5491
0.5626
1.1838
0.6194
1.4392
0.5804
0.7767
1.4815
0.6352
0.2352
0.3682
0.6761
0.3711
1.5009
0.5647
2.0618
0.5894
0.5722
0.5837
0.1552
0.3737
4.0016
1.1166
0.3594
0.5246
0.7948
1.4454
0.3662
0.3643
1.1812
0.9429
0.6185
4.0015
0.5338
0.3638
0.5133
0.3665
0.3628
0.5351
1.1963
1.5518
1.7663
4.0014
4.0013
1.4183
1.4982
0.3758
0.1685
0.7862
0.9255
1.1672
0.5753
1.5049
1.1721
1.6686
0.5756
1.7216
0.5821
0.8399
0.5803
1.5893
0.1898
1.6026
1.1065
0.2122
1.6109
0.8659
0.368
1.1777
1.6488
0.5249
0.3549
1.6255
0.1725
0.5301
1.2166
0.7547
2.0578
0.143
0.5326
0.59
0.5551
0.5975
1.4984
0.3666
0.7951
1.1805
1.1851
2.0378
0.8281
0.6685
0.5717
0.5135
0.5777
0.5149
1.1703
0.7706
0.5598
0.5223
0.6558
0.4541
0.3629
0.4536
0.9279
1.4994
0.6333
0.3572
0.5686
0.6292
0.4529
0.3607
1.1694
1.4347
0.357
0.3683
0.8352
1.9089
0.4816
1.1739
0.7298
1.245
1.2901
0.3611
0.9093
0.3636
4.0017
0.5687
0.3293
1.1749
1.5369
0.1449
0.4502
4.0014
1.1778
0.6555
4.0015
1.0003
0.4307
4.0014
0.5122
1.5072
1.169
0.7441
0.605
1.0173
0.5157
1.1826
1.4947
0.4882
1.1697
0.4778
1.6254
1.5526
4.0018
0.7384
0.4773
0.4763
0.4649
1.5486
0.4534
0.367
0.3782
4.0015
0.7906
0.5325
0.3633
0.7891
1.6463
0.5513
0.667
0.8291
0.4558
0.5391
4.0003
4.0012
0.5814
4.0013
0.3668
0.3644
0.7919
4.0018
4.0015
1.187
0.3597
0.568
0.7981
1.1769
1.5732
1.1866
1.1671
0.5295
1.5054
0.7688
1.1685
0.58
1.5747
0.688
0.5884
4.0012
4.0011
1.1723
0.3698
1.1737
1.1788
1.1692
1.4959
0.1542
0.542
1.4423
0.3695
1.5144
1.1741
0.4619
1.5389
1.6838
0.6579
1.8086
4.0012
0.4632
4.0014
1.178
0.5649
0.1569
0.2164
0.5979
0.4227
4.0015
0.8175
0.3691
1.2238
0.3765
0.5746
0.5811
2.0045
4.002
4.0017
4.0013
1.1954
4.0021
4.0029
4.0016
0.7679
0.5928
0.5439
1.5681
0.9093
0.8885
0.8124
0.5266
0.5518
0.9681
1.508
1.4857
1.1785
0.4749
0.6778
0.7612
0.5283
0.7662
4.002
2.9066
1.5864
4.0014
4.0017
4.0512
4.0016
0.9427
0.4554
0.7878
0.5876
0.5226
1.544
4.0015
1.4976
1.1789
4.0085
4.0186
4.0245
2.2277
4.0141
4.0137
0.4015
4.0138
1.4704
0.4669
0.5835
0.3548
0.3647
4.0014
0.4539
0.1437
4.0012
1.5113
0.9776
0.7378
0.5782
1.7192
1.7593
4.0014
4.0011
1.0047
0.9692
0.577
0.6727
0.5859
0.8385
1.1753
1.0201
0.9195
0.8026
0.8128
1.1038
4.0014
4.0012
0.3593
0.6666
1.5979
0.8085
0.573
0.5127
1.5749
1.1789
1.1791
1.1734
0.6531
0.539
4.0012
0.5253
4.0013
0.8043
0.3664
0.5721
0.6656
2.0595
0.3741
0.7237
2.096
0.7214
0.4772
0.6465
4.0015
0.6849
1.1731
0.4283
0.3844
0.3829
2.627
0.2798
1.195
0.5277
0.9957
0.3868
2.2099
0.2569
1.5237
0.7803
1.1888
0.3641
1.8256
0.5273
4.0011
0.4377
0.5725
0.507
4.0015
0.8065
1.0815
1.5134
0.1899
0.5684
4.0015
1.0074
1.4902
0.5592
0.5748
0.214
1.2291
1.5082
0.3644
0.9316
4.0014
4.0012
1.1715
0.5895
1.1449
0.5128
0.5469
0.5806
0.8828
0.5993
1.7811
1.6485
1.5014
0.5724
0.4045
4.002
0.3595
1.5924
1.4482
0.5359
0.9543
1.1728
0.409
1.4327
1.4942
4.0014
0.5409
0.7908
0.5136
1.2585
0.9989
0.8952
0.6626
1.1796
4.0012
0.8932
4.0012
0.5293
1.1856
0.5848
4.0012
1.1668
0.6547
4.0013
4.0024
0.3646
0.533
1.3949
0.9186
0.5075
0.4639
0.2224
0.9102
0.3646
1.2232
1.3365
0.5183
4.0015
1.1703
0.5725
1.1796
0.995
0.4682
1.0792
0.1901
1.4982
0.7581
0.7405
1.1858
0.3732
0.4288
1.5302
0.6726
4.0012
0.6757
0.3617
0.3572
1.029
0.54
1.1813
0.6586
0.3397
0.5136
0.9784
1.2456
0.5957
1.2705
0.7948
0.6761
1.1774
4.0012
1.5329
2.0332
1.5718
0.4871
0.6023
1.9499
1.3395
0.5143
0.3579
0.6676
1.771
0.5265
4.0013
0.6626
2.2204
0.5667
0.5668
2.1016
0.7066
0.486
0.5879
0.5759
0.7833
4.0014
0.5646
0.2055
0.1681
0.5813
0.3568
4.0014
0.3694
0.5916
0.5421
0.8133
0.3667
0.5506
0.6051
4.0014
1.692
0.4646
0.5116
1.4837
0.6022
0.3698
0.363
0.5956
1.1957
1.9944
0.5193
1.5063
0.5167
1.4524
0.1533
0.5395
0.2143
0.8061
1.5774
1.1984
0.7487
1.0033
0.681
0.5634
1.2433
1.576
0.3614
0.509
0.5784
0.7886
0.6867
1.0156
0.8442
1.755
0.5666
0.7603
1.5836
0.4587
0.377
1.6927
0.4591
0.164
0.583
1.165
0.8833
4.0015
0.5611
0.1684
0.3662
0.66
0.5955
1.5589
1.1713
1.1553
0.3686
0.5222
0.1472
1.5015
2.17
0.9344
1.6632
1.1627
0.2114
4.0013
0.457
1.1818
0.5342
1.0635
1.3168
0.3607
2.087
0.3642
0.6828
0.5795
0.3582
1.1661
1.1683
0.3601
0.595
1.6272
4.0018
4.0012
0.5201
0.793
0.3819
0.6002
0.6741
1.5792
2.0869
0.5907
4.0012
0.569
1.5558
0.4405
4.0014
0.3593
0.364
0.5782
0.4541
0.153
1.1604
1.5478
4.0019
0.6
1.2715
0.4627
4.008
0.4545
0.845
0.824
0.6949
0.6055
1.4397
0.8776
4.0012
0.5769
4.0017
4.0012
1.267
0.5639
0.2108
0.3708
2.0421
0.5643
0.3542
0.6308
4.0015
0.5995
1.1811
1.5296
0.5492
1.1787
0.9525
1.1164
0.5204
4.0154
4.0159
1.212
1.0298
4.006
0.1697
0.3671
2.2299
1.4858
1.6028
0.4968
1.2999
0.9642
0.8835
0.3525
0.1669
1.177
0.4086
0.3771
1.6192
0.3641
0.5729
0.5895
0.7674
0.5764
0.5287
0.5416
0.8232
4.0016
0.8434
0.8764
1.1067
0.3585
0.4543
4.0016
1.7722
0.5672
0.4524
0.9183
0.8091
0.5781
1.1715
1.4796
0.805
1.0048
0.3779
0.464
1.3095
0.3568
0.7932
1.2395
0.2145
4.0013
0.6032
1.6618
0.9451
1.1822
0.6101
0.588
1.1625
1.5238
0.2893
0.7502
1.1414
0.2292
0.47
0.8029
0.2261
4.0016
1.5851
1.574
0.7746
0.4612
1.242
0.6615
0.3698
0.3629
4.0012
1.5634
1.5898
0.5721
0.3543
1.4255
1.4824
0.5826
0.1683
4.0011
1.1756
1.1674
0.6475
4.0013
1.5777
0.534
0.5189
0.5448
0.4962
1.5731
1.4331
0.5733
0.3717
0.5655
0.795
0.8992
0.3565
2.0239
0.3555
0.7856
0.5211
2.0004
0.3637
0.6647
0.4049
1.4997
0.4492
0.6697
0.5318
1.1813
4.0011
0.3682
0.4054
0.5893
0.5711
0.6172
0.3548
0.7782
0.5309
1.1823
1.4272
1.1779
4.0013
0.3524
1.1699
1.5012
0.8106
0.8264
0.59
0.152
0.4664
0.9265
0.7876
1.4932
1.9894
1.473
0.3623
1.4721
0.6792
1.505
0.2226
0.6011
0.5305
0.3546
0.5232
1.1716
0.201
0.3669
0.6764
4.0014
0.6011
0.8879
1.5334
1.4375
1.0299
0.5607
1.1643
0.5113
4.0006
0.5703
4.0012
0.7989
0.7809
1.2161
0.4539
0.3588
0.5976
0.7794
0.5191
0.5133
0.5745
0.5209
0.3647
0.7915
0.5865
0.3635
0.9448
4.0011
0.464
0.6581
0.5528
0.3644
0.8189
0.5913
1.1773
1.5702
1.1573
0.7451
0.7632
1.1804
0.5715
0.5755
1.4357
0.2114
0.4603
4.0011
4.0012
1.1619
0.5601
0.8433
0.3673
2.0224
0.9178
0.7824
4.0011
0.7688
1.1141
1.1681
0.5842
0.5798
0.6553
4.0011
0.3595
0.5348
0.5271
1.5012
0.8686
1.172
0.3548
1.174
4.0014
1.1732
0.5212
4.003
0.6408
1.1967
1.7178
4.0013
0.8325
1.1565
1.1738
0.5173
0.3676
0.3638
0.5814
4.0011
1.1734
0.3634
0.5291
1.1642
0.4758
0.8311
0.946
1.5002
1.5018
0.579
1.1795
0.5824
0.3582
0.9948
0.5741
1.3264
0.6011
1.1762
0.7903
0.8182
0.6702
0.2561
0.4738
0.2066
0.4736
0.7752
0.6069
1.1683
0.5083
4.0023
1.2324
0.5995
0.578
0.3644
0.4603
0.6046
0.1532
0.994
0.5449
4.0174
0.5299
0.3561
0.8922
0.5714
0.5723
1.4967
0.4439
1.1818
0.9952
4.0011
4.0011
0.9595
0.9404
1.1936
4.0011
1.1382
0.4723
4.0011
1.1855
0.3536
4.0008
0.4611
1.4928
0.7789
0.5829
1.1719
1.5834
0.5041
1.4883
0.5808
1.1856
1.1638
0.5243
0.4541
1.2242
0.5677
1.0774
0.7036
4.0013
4.0006
1.1609
0.3634
0.5559
0.7835
0.5853
0.8048
0.5693
0.7937
1.1671
1.1192
1.9752
0.6557
0.5248
0.143
0.2105
0.6672
1.1869
1.162
0.6409
0.4721
0.1687
0.5212
1.4391
0.855
1.1728
0.5803
0.5806
1.1625
0.6465
0.1839
0.7456
1.5637
0.9772
0.4812
0.5783
0.4636
0.3584
0.3605
0.4466
0.6187
4.0012
0.8778
1.1794
1.5787
1.578
1.6244
0.449
1.3411
0.5847
0.3606
0.6134
0.7592
1.1797
1.1734
1.1814
0.3684
1.0026
0.5674
0.3613
0.5872
0.5103
0.6105
0.3509
1.1729
4.0013
0.3664
0.3681
0.7991
0.2114
0.6473
0.4429
0.7939
0.8476
1.1703
0.5735
4.0013
1.1806
2.0569
0.7964
2.0904
0.8758
1.1807
0.5173
0.7918
0.5243
0.5429
0.6042
0.6717
0.5272
1.5196
0.423
0.6857
2.5032
0.5844
0.5038
4.0013
0.1664
0.8144
0.7991
4.0012
1.1801
0.228
0.8259
0.5675
4.0012
0.5875
1.189
0.4626
4.0017
0.374
1.8059
0.5603
1.2433
1.1832
1.3098
1.532
0.3777
4.0014
0.4824
0.5956
1.1629
1.1706
0.4834
1.3488
0.3628
4.0014
0.4569
0.3623
0.6577
4.0013
0.372
0.1997
0.3633
1.1675
1.0455
0.5038
0.8738
0.6261
0.5354
1.1855
1.7124
0.5238
4.0013
0.4265
1.509
0.3665
0.9799
0.5372
1.6911
1.5197
4.0014
0.5794
0.1448
0.579
0.7933
0.884
0.5369
0.7867
0.7737
0.8162
0.3622
0.4494
1.1886
1.5054
0.4777
1.2741
1.1737
0.367
1.5781
1.2026
1.2427
0.3959
4.0012
0.796
0.597
0.5305
0.541
0.7703
0.8331
1.237
4.0013
1.1666
0.8982
1.256
1.1687
1.9736
0.761
0.3595
0.6653
1.2725
0.6049
4.0015
0.5326
0.391
0.5461
0.6512
0.87
0.36
0.7992
0.3596
1.0809
1.8251
0.7161
1.4684
1.1721
0.3592
0.5959
4.0014
0.155
0.3759
0.345
0.5773
0.1546
1.1877
0.7873
1.6114
0.8346
0.7899
0.4554
0.2128
0.6101
0.7274
0.5728
1.4912
0.7817
0.7013
0.5336
0.1526
0.4922
0.3651
0.5211
1.1977
1.4808
1.1799
1.1649
0.8402
1.1683
1.1762
0.5636
1.7197
0.6656
0.7804
0.5647
0.8271
0.8262
1.503
0.4015
0.5797
0.6691
0.8959
0.1514
4.0012
0.4693
4.0379
0.3675
1.2159
0.3576
0.7154
0.5711
0.5292
0.5442
1.0226
0.8036
1.1649
1.5656
0.5418
0.8178
0.4628
1.5735
1.1552
1.1714
0.7845
0.3656
0.3663
0.5694
0.6596
0.565
1.4391
0.7798
1.1676
0.37
0.3618
1.506
0.3607
1.1738
2.116
0.5765
0.5864
1.1784
0.5884
1.7676
1.7915
1.0774
1.4319
0.4643
1.6497
1.6139
1.4242
0.7809
1.5682
0.7881
0.6584
0.5997
0.5346
0.4661
1.1642
1.2008
4.0015
0.3649
1.1699
0.3602
0.3663
0.1891
0.533
0.4595
0.4559
0.212
0.9469
0.5297
0.3582
0.3763
0.85
0.4656
1.1802
0.4536
1.1721
1.1751
0.693
0.622
1.4188
1.1755
1.4937
1.1838
0.5778
0.7897
1.3465
0.4106
0.6368
1.1851
1.1693
0.188
0.2125
0.8949
0.4659
0.5778
0.6638
0.5256
0.3534
4.0016
1.1805
0.1761
0.6698
0.4626
0.4721
0.3628
0.5858
0.3724
0.7828
0.6006
0.362
1.5
0.4835
0.6591
0.4928
1.1709
0.9916
0.6092
0.5262
0.7876
4.0014
4.0013
4.0013
0.5431
0.5694
1.1877
1.1806
0.5867
4.0009
0.6697
1.1869
0.5612
1.4379
1.3507
2.0002
4.0012
1.5107
0.5759
0.5752
0.6649
0.3654
0.2395
1.5784
0.6122
0.5887
0.882
0.5876
0.5731
0.3691
0.5101
1.8149
0.8096
1.3309
1.4087
0.2139
0.3415
0.365
0.9634
0.9346
0.4686
0.1528
0.3564
0.5724
0.5646
1.4816
4.0012
0.3687
1.1769
2.6491
0.6596
0.3561
0.7867
4.0012
1.172
4.0013
1.9894
0.6508
1.5844
1.4659
1.4998
0.8103
0.3602
0.5669
0.5697
0.5472
2.6107
1.2333
4.0014
0.5872
4.0012
0.9201
0.1681
0.5619
4.0013
0.3673
0.57
0.5761
0.5703
0.3708
1.5105
1.3345
0.5419
1.2444
0.9894
1.6336
1.1664
1.1788
4.0017
2.0749
4.0013
0.4751
1.1721
0.2097
0.5342
1.2018
4.0012
4.0012
0.8077
0.6994
1.3795
1.1066
0.3608
0.6025
1.1683
0.2391
0.938
1.2151
0.2029
0.5321
1.588
1.4401
0.5256
0.8206
0.5157
0.3675
0.7886
1.4285
4.0011
0.5819
1.1823
0.8353
0.6196
1.536
0.3127
0.5645
0.6536
0.6451
4.0008
4.0014
0.5733
0.7408
0.4363
0.7976
1.7115
0.1434
0.366
0.3567
0.5444
2.0481
0.5797
1.5125
0.6325
0.3644
0.699
4.0013
1.2171
0.6206
1.173
0.6062
0.4527
0.3601
0.5241
0.3524
0.3604
0.4628
4.0012
1.5794
0.679
1.1836
0.9191
0.6161
0.362
0.3612
0.3634
0.585
0.8379
0.5301
0.615
1.3249
0.1478
0.8227
0.372
1.5062
0.5247
0.4132
0.3608
0.5228
0.5054
4.0012
0.1446
0.6531
1.1668
0.548
0.3605
0.5381
0.5654
0.3701
1.1814
4.0011
1.4245
1.1667
1.1644
0.3622
0.4658
0.5264
4.0016
0.7907
0.3659
0.7979
0.7769
4.0013
0.212
0.519
1.9887
0.5654
0.5815
0.3627
1.4867
0.1664
0.3632
0.5247
1.1801
4.0013
0.8905
0.3575
0.8082
0.7012
0.3717
1.1721
0.4611
0.5711
0.6159
0.5163
4.0014
0.8051
1.1716
0.6729
0.7923
0.3606
0.6019
0.3965
0.6231
0.543
0.5746
0.5579
1.1821
1.7164
0.7674
2.0055
1.6984
0.7886
0.3983
1.1667
0.437
1.4918
1.1866
0.3647
0.5697
1.1805
0.8098
0.3513
1.1717
0.2004
0.5725
0.5683
0.8384
0.5719
1.4815
0.4877
0.5107
1.4231
0.4842
1.7417
0.5037
0.3621
0.8841
4.0011
0.5616
1.1735
0.1784
0.8099
0.8117
2.0607
1.1762
1.1646
4.0012
4.0013
4.0011
0.5387
0.6722
0.6864
0.4327
0.4609
0.8188
0.8092
0.5347
1.1743
0.7713
4.0012
0.1895
0.3629
0.1645
1.204
4.0011
0.676
1.3678
0.5649
1.4178
1.4883
1.4966
0.6066
1.1639
1.1028
1.1657
0.7877
4.0011
0.9864
2.0492
0.5414
2.048
0.5609
0.668
0.5537
0.8022
4.0012
0.5755
1.1792
0.3543
1.1519
0.5761
0.3508
0.569
0.3565
0.5808
1.4246
0.5857
1.1817
0.5154
4.0011
1.1658
0.3554
1.5703
1.1705
1.4985
1.4913
0.7844
0.5846
1.1657
0.4788
0.5657
1.1619
0.535
2.035
0.5789
0.7856
0.5023
0.5876
1.166
0.8827
0.364
0.3664
0.5837
0.2005
0.5829
0.7543
1.1754
1.1714
0.5312
1.1688
0.5374
1.5001
1.5094
0.5614
1.1743
0.3773
0.3583
0.3619
0.3554
0.603
1.931
0.6929
0.9403
0.6669
4.0011
0.8687
0.4438
0.5755
0.5341
0.5676
0.3692
0.5784
0.5449
0.533
0.3632
1.4921
0.593
0.3628
0.7876
1.1616
1.574
0.5265
0.5063
0.7806
1.1648
1.4193
1.1549
0.9822
0.7715
0.9348
0.5654
0.2959
0.185
0.5281
0.3658
0.5876
0.8706
0.8101
0.6139
0.2235
0.5374
1.1595
0.3639
0.2112
0.3646
0.5123
3.0181
0.3661
2.6435
0.7834
0.6195
0.694
0.358
0.3603
0.5131
0.5023
1.1782
0.8079
0.7958
0.5002
0.5105
0.7989
1.5999
0.564
0.1767
0.6946
0.4558
0.7036
1.1669
1.1827
0.1668
0.5688
1.4989
0.7871
1.9472
0.512
1.4683
1.5956
1.1612
4.0013
2.4991
0.5956
0.805
0.3607
4.0011
1.3116
1.1685
1.4198
0.6095
0.9482
4.0011
1.4983
0.5331
0.9325
0.7117
1.1877
0.8037
1.1689
1.5089
0.3665
1.1601
1.0981
1.1658
1.1773
0.2248
0.5009
0.8534
1.5191
1.1691
0.5232
1.1744
0.3518
0.3894
0.8214
1.157
0.1652
0.6688
0.2421
1.1624
0.7755
1.1743
1.1709
1.1689
1.1731
0.5007
0.5693
4.0011
0.5246
1.164
0.3521
0.8746
0.7584
2.027
0.6087
0.5883
1.1769
1.5086
0.5393
4.0013
0.5382
0.3724
0.1435
1.1729
0.3605
0.4555
0.3719
0.3826
1.1702
0.6747
1.4969
1.1657
0.9918
0.7884
0.5157
4.0012
0.5638
0.3704
0.7842
0.524
0.8808
0.3612
0.3587
1.5132
1.5029
0.3595
0.5654
4.0011
1.0281
0.1653
0.59
0.359
0.525
4.0013
0.5232
0.65
0.4507
0.7832
0.8576
0.3537
0.8183
0.1604
0.7977
0.3694
1.349
0.9887
0.606
0.5708
0.3686
1.1825
0.6092
0.5337
0.5674
0.463
0.4421
0.5843
0.7871
0.5912
0.5372
0.3303
1.4382
1.1802
0.6718
0.9331
0.1698
1.0124
0.3579
0.578
0.3613
0.4549
0.5739
0.7419
0.3629
2.0506
1.7824
0.4137
0.7066
0.5246
1.7173
0.5736
0.5171
0.4772
0.9841
0.3727
0.4891
0.6843
0.9657
0.3665
1.4916
0.6818
0.7536
0.4496
0.3294
0.6624
0.54
0.3688
0.5891
1.9549
0.5836
0.854
0.5778
0.3597
4.0015
0.3795
0.5747
0.7955
1.175
1.3241
1.4234
4.0012
0.5638
0.7487
0.2228
0.5102
0.3639
0.2121
0.3637
0.6514
0.5272
0.6283
1.4424
1.4983
1.1793
1.1666
0.7809
1.5096
1.1934
0.5194
0.1754
0.7914
1.1809
0.6203
0.5136
0.5773
0.3534
0.7952
0.787
0.6149
0.9856
0.5811
0.5499
0.3629
0.3935
1.5261
0.6857
0.1684
1.1725
0.7789
1.1721
4.0016
0.5309
0.6218
0.5793
0.5329
0.5882
0.6379
1.4884
1.7155
0.7965
0.467
4.0015
0.5779
1.5027
0.4048
1.1739
4.0016
1.1173
1.1748
1.1741
0.1552
0.5323
0.5943
0.7943
0.3604
0.3661
0.5052
0.9471
4.0014
0.6982
4.0011
0.4804
1.1786
1.1257
0.3636
1.5816
1.2695
0.8044
0.5353
0.8098
0.3688
0.783
4.0015
0.4716
1.4825
1.1927
1.966
1.2083
0.5696
1.578
0.3601
1.2158
0.5229
0.5183
1.1828
0.2001
1.4621
0.1695
0.9883
0.6809
0.3582
0.3667
4.0013
4.0013
0.3603
1.1718
0.3636
0.9531
0.6999
1.6443
0.849
0.8731
4.0014
4.0012
1.2651
4.0014
4.0014
1.173
4.0016
1.4875
0.6878
0.3534
0.5128
1.1636
0.9459
0.7722
4.0009
0.4346
0.5691
1.7482
0.6533
0.4762
0.7937
0.7961
0.4743
1.1774
1.1756
0.7956
0.362
0.543
0.5401
2.0523
0.5774
0.4505
1.9557
2.0431
0.5813
0.3557
0.3527
0.5858
0.2025
0.6143
0.5492
0.3598
1.1887
0.3638
0.5106
4.0014
1.1671
0.3739
0.4734
0.4521
1.168
1.1681
0.4742
1.3312
0.8826
0.5672
1.2697
0.5999
0.2141
1.6115
0.3653
1.1027
1.5166
4.0015
1.2883
2.6235
0.5312
1.3566
1.2079
0.5786
0.1686
0.87
1.5128
0.6861
0.8278
1.5796
0.8095
0.3603
2.0831
1.1627
1.496
2.0398
1.1729
0.5284
1.1757
0.786
0.8045
0.3641
0.5751
0.1897
0.4213
0.188
0.4769
1.1756
1.1785
0.3624
0.58
1.242
4.0013
1.3789
0.4429
0.3737
0.9193
1.3769
0.3644
4.0017
0.7723
0.5332
0.1705
0.7867
0.3616
0.5266
1.5032
1.4813
4.0015
0.3389
1.1845
1.1688
0.1525
0.8265
4.0017
2.1036
0.5292
1.3954
0.3294
1.4237
0.8265
0.5696
0.3606
0.5817
0.5692
0.798
1.1733
0.5344
4.0023
0.2045
0.367
0.7006
0.4354
4.0012
0.3615
2.0179
0.8437
0.6528
1.1765
0.4869
0.5446
0.5231
0.3605
0.5826
0.3614
0.7817
1.2262
0.5775
0.5187
1.17
0.6772
4.0082
4.0015
0.6558
1.1853
0.5731
1.9611
0.3592
0.5481
0.8259
0.476
0.3636
1.1704
0.3726
0.4891
0.5659
1.3158
0.3634
1.1613
0.6021
1.5041
4.0014
1.4882
4.0247
1.1943
1.1791
0.4408
0.4978
0.2024
0.1936
0.6141
1.1897
1.0546
4.0015
0.5757
4.0202
1.4972
0.8243
0.3707
1.5079
0.3558
0.5694
0.5681
0.572
0.5523
4.0014
0.7768
0.2266
0.1457
0.5712
1.2467
0.4956
0.5671
0.3672
1.268
0.6643
0.4801
0.4407
0.7439
1.1754
1.583
0.9423
0.5676
1.1706
0.554
0.4874
1.0498
0.402
0.7907
0.5638
2.0605
1.1758
0.5368
0.4553
0.5731
0.382
0.3671
1.5109
1.1746
0.5308
0.3589
1.2157
1.1798
1.1838
0.7888
4.0017
0.3666
0.3612
1.4306
0.3648
0.4406
1.169
1.1644
0.5871
1.544
0.8655
0.9168
0.2255
1.2574
0.2227
0.3652
0.5832
4.0014
1.1731
0.6778
0.3662
0.3707
1.1823
0.483
0.5936
0.4634
0.5501
1.0284
0.5243
0.6028
4.0014
0.5285
0.4218
1.3271
0.5424
0.5347
0.5436
0.7788
1.483
1.0997
1.5145
0.5477
1.1769
0.9234
0.36
0.9671
0.7948
0.4605
0.4604
0.7637
1.3368
1.1616
0.6682
0.2755
2.0009
0.5304
0.2713
4.0014
0.4951
0.3727
1.316
0.5786
0.8622
0.3685
4.0013
1.1253
1.1249
0.9225
0.8758
1.0587
0.5759
0.7919
0.5855
0.5798
2.5009
0.68
0.6248
0.3639
0.5522
4.0013
0.8776
0.5004
0.9861
0.46
0.7109
2.0481
0.581
4.0013
1.165
0.169
1.4879
0.1996
1.5006
0.7167
0.7058
2.372
0.3565
1.4744
0.9694
0.5676
0.4516
0.8307
0.568
0.3683
0.1982
4.0012
4.0012
0.9115
0.4614
1.1695
4.0016
0.3689
0.1551
0.5285
1.3315
0.6084
0.5634
0.7553
1.588
1.9157
0.5332
0.5937
0.4478
0.777
0.4884
0.5696
0.6266
1.1657
0.5362
0.4596
0.8063
0.3541
1.1821
0.6544
0.145
1.0489
0.4315
0.5687
0.5193
1.1719
0.3686
0.5754
1.3809
0.1454
0.5761
1.5082
0.5573
0.3666
0.3712
0.5247
0.5516
0.6054
1.5024
1.1897
0.5141
1.1797
2.0056
0.3827
1.2213
1.1643
4.0014
0.5172
0.3656
1.5085
0.581
0.3602
0.3402
0.8115
0.3596
1.4278
1.1717
0.4629
1.5054
1.233
0.5477
0.5744
3.454
0.6751
0.7297
4.0012
0.5258
1.1112
0.7841
0.3712
1.122
0.3614
1.1582
0.2131
0.1873
0.5782
1.1704
4.0019
1.4984
0.5761
0.5544
0.5738
1.1858
0.6186
1.4243
0.5796
0.7676
1.4829
0.4436
0.238
0.3583
0.5806
0.366
1.5264
0.5622
4.0014
0.582
0.554
4.0014
0.153
0.361
0.6585
1.1175
0.3691
0.5328
0.7861
1.4281
0.3568
0.362
1.167
0.9454
0.7133
4.0123
4.0241
4.0073
0.5087
0.3713
0.3623
0.5357
1.1821
4.0015
1.493
0.5805
1.5799
1.4071
1.5158
0.3673
0.1663
0.7943
0.9189
1.2887
0.5705
4.0014
1.1628
1.5934
0.5811
1.7609
0.5865
0.8368
0.5763
1.6395
0.2128
1.4717
1.1124
0.2027
1.5115
4.0016
0.3705
1.3183
1.6537
0.5402
0.3656
1.5047
0.1668
0.5333
1.1725
0.5594
1.9956
0.1429
0.5384
0.6076
0.5389
0.6071
1.5113
0.3707
0.7973
1.1698
1.1837
2.0346
0.8171
0.5568
0.573
0.5091
0.5825
4.0012
1.1788
0.7717
0.5815
0.5073
0.6617
0.5131
0.3677
0.457
0.9208
4.0012
0.6448
0.3713
0.579
0.6305
0.5811
0.3636
1.179
1.4182
0.3637
0.3669
0.7838
1.9236
0.4786
1.1779
0.729
1.1891
1.1774
0.3617
0.9131
0.3671
1.0531
0.576
0.3351
1.1735
1.5701
0.1434
0.4606
4.0012
1.1691
0.5746
1.1743
1.0024
0.3676
0.787
0.581
1.6233
1.1627
0.7446
0.6099
0.9891
0.5171
1.1714
1.5013
0.472
1.3018
0.4776
1.4806
1.5068
0.776
0.6886
0.461
0.4751
0.4491
1.6022
0.4614
0.3611
0.3646
0.371
0.8181
0.5203
0.3626
0.7915
1.6476
0.5547
0.6734
0.7705
0.6135
0.5423
0.9807
4.0013
0.5646
1.1137
0.369
0.3706
0.7981
0.859
0.5685
1.1752
0.3504
0.5709
0.7929
1.1736
1.6195
1.1772
1.1773
0.5912
1.592
0.922
1.1715
0.5807
1.5952
0.6913
0.5753
0.3619
4.0013
4.0013
0.3668
1.211
1.1695
1.1605
1.5011
0.153
0.5392
1.4279
0.3629
1.5065
1.2449
0.4537
1.524
1.4946
0.5835
1.4931
0.4724
0.4529
4.0015
1.1929
0.5715
0.1522
0.2161
0.6039
0.4336
4.0006
0.8274
0.3623
1.3041
0.3604
0.5646
0.5601
2.0159
0.7972
0.5764
0.5534
1.1799
4.0012
0.9764
1.5
0.7893
0.5907
0.5512
1.5689
0.912
0.8824
0.8738
0.5328
0.5565
0.9505
1.5012
1.49
1.2571
0.4654
0.6499
0.6836
0.5158
0.7729
1.5086
2.7629
1.5879
1.1825
0.8031
1.2768
1.6126
4.0014
0.4604
0.7863
0.5805
0.5314
1.4775
0.9149
1.6046
1.1999
4.0012
0.3637
0.7495
2.1116
0.5777
0.3716
0.3644
1.4927
1.3768
0.4918
0.5983
0.3566
0.3628
1.1732
0.4603
0.1432
0.4774
1.5069
0.9784
0.5794
0.5773
1.6671
1.6492
4.0017
1.1665
0.99
4.0013
0.5614
0.6626
0.576
0.8367
1.175
0.9804
0.9336
0.783
0.8027
1.1086
0.355
0.9917
0.3537
0.6524
1.5923
0.8054
0.5732
0.5024
1.5858
1.177
1.1696
1.1849
0.6547
0.5319
2.0932
0.5336
0.7882
0.8156
0.3644
0.5775
0.6821
2.1631
0.3566
0.5806
2.0445
0.7134
0.4764
0.6459
0.5827
0.683
1.184
0.4295
0.3736
0.3713
2.6061
0.2692
1.2901
0.544
0.9883
0.4013
2.1384
0.2177
1.433
0.7766
1.161
0.3437
2.0082
0.5239
0.74
0.3577
0.5806
0.5113
1.0426
0.7928
1.0104
1.5007
0.19
0.5761
2.0531
0.9953
1.5036
0.5891
0.5758
0.1772
1.4378
1.5008
0.3574
0.7899
1.267
1.9485
1.1681
0.569
1.1016
0.5197
0.5483
0.5795
0.8815
0.5942
1.581
4.0013
1.5068
0.5692
0.3631
4.0011
0.3692
1.5873
1.4249
0.4366
0.8773
1.1828
0.371
1.4224
1.426
4.001
0.5403
0.7858
0.4289
1.166
0.9966
0.8406
0.5659
1.1648
0.7845
0.8731
4.002
0.527
1.1723
0.5706
4.0011
1.175
0.6647
1.4822
4.0014
0.3852
0.551
1.6216
0.9291
0.4594
0.4704
0.188
0.9195
0.3538
1.1782
1.4613
0.5171
0.4518
1.2137
0.5764
1.1659
0.9912
0.4672
1.0286
0.191
1.5003
0.6495
0.572
1.1923
0.3614
0.3664
1.5063
0.6714
4.0015
0.6903
0.3617
0.3723
1.0344
0.5286
1.1772
0.6683
0.3346
0.5006
0.9082
1.1617
0.6345
1.1768
0.8014
0.6769
1.1711
0.7893
1.5564
2.0481
1.5082
0.4763
0.5664
1.9554
1.374
4.0014
0.376
4.0106
1.6474
4.0015
0.5482
0.6574
1.9511
4.0012
0.5796
2.0518
0.6161
0.4832
0.5758
0.5782
0.7781
4.0015
0.5835
0.203
0.1686
0.6988
0.3899
1.6454
0.3533
0.5666
0.6563
0.8809
0.3817
0.5509
0.6103
0.6747
1.647
0.4655
0.5068
1.5001
0.5484
0.3675
0.3615
0.5974
1.1788
2.0036
0.5302
1.4893
0.5108
1.6491
0.154
0.4665
0.224
0.8126
1.5478
998.1758
0.6755
0.9866
143.5807
0.563
1.2571
1.5784
0.3602
0.504
0.6268
0.7991
0.6819
0.9002
0.8342
1.5056
0.5579
0.7665
1.5688
0.4521
0.3732
4.0014
0.4603
0.1755
0.608
4.0015
0.967
0.8645
0.5496
0.166
0.3598
0.5933
0.5621
1.5561
1.1791
1.104
0.3773
0.5167
0.1435
1.4291
2.0773
0.932
1.649
1.1783
0.2117
4.0012
0.5647
1.1553
0.5189
0.9991
0.9834
0.3638
2.0553
0.3627
0.6671
0.5698
0.3622
1.1566
1.1653
0.3622
0.5811
1.509
0.5638
0.1579
0.5257
0.7885
0.3637
0.5568
0.5684
1.6496
1.9992
0.5829
4.0011
0.5765
1.5002
0.372
1.1745
0.3593
0.3632
0.5783
0.4525
0.1517
1.1762
1.5374
1.4941
0.6001
1.1835
0.3665
0.581
0.4534
0.8502
0.8195
0.6905
0.6036
1.4248
0.8813
1.5959
0.5738
4.0012
1.5772
1.1713
0.5707
0.2014
0.3604
2.0937
0.5431
0.4331
0.5496
0.4672
0.6026
1.1844
1.5013
0.5479
1.3591
0.9664
1.129
0.6294
0.7582
0.1976
1.2096
0.9523
0.5655
0.1529
0.3723
1.9954
1.4659
1.5752
0.3747
1.1831
0.9504
0.882
0.3653
0.1683
1.1813
0.3657
0.3649
1.4938
0.3538
0.5675
0.6757
0.8392
0.6325
0.543
0.5397
0.8239
4.0019
0.7892
4.0014
1.1637
0.3588
0.4576
0.5619
1.6851
0.5693
0.458
4.0019
0.7926
0.5729
4.0012
1.4819
0.7918
0.9978
0.3602
0.4587
1.1777
0.358
0.8008
1.1792
0.2277
0.8229
0.5972
1.4951
4.0014
1.1781
0.6412
0.7342
1.2386
1.4874
0.225
0.7207
1.1406
0.1702
0.3556
0.7455
0.2233
0.5793
1.5818
1.5897
0.771
4.0014
1.6451
0.9642
0.4465
0.367
0.9727
1.5761
4.0014
0.5835
0.3622
1.4255
1.5028
0.5886
0.1649
1.4986
1.1717
1.1717
0.6537
4.0012
1.5733
0.5296
0.5284
0.5487
0.4735
1.5893
1.5185
0.5731
0.4518
0.7154
0.789
0.9944
0.3582
2.048
0.3994
0.7863
0.5465
1.99
0.3653
0.655
0.3602
1.5049
0.5738
0.6117
0.5177
1.185
0.5849
0.3671
0.4178
0.5816
0.6645
0.5968
0.3687
0.7793
0.5306
1.1727
1.4387
1.176
4.0016
0.3598
1.162
1.498
0.7825
0.7922
0.5633
0.1556
0.7274
0.9621
0.7886
4.0007
2.0283
1.4796
0.364
1.4763
0.7006
1.5112
0.2154
0.6071
0.5373
0.3706
0.6196
1.1792
0.2118
0.3635
0.7505
0.727
0.5694
0.8816
1.3845
1.4293
1.036
0.5584
1.1714
0.5153
0.5853
0.5798
0.5813
0.7581
0.7848
1.3422
0.4581
0.3641
0.5913
0.7705
0.518
0.5184
0.6271
0.5968
0.3612
0.7831
0.5937
0.401
1.024
1.1115
0.4707
0.6636
0.559
0.3708
0.8251
0.5842
1.168
1.5777
1.1671
0.7345
0.869
1.1622
0.5755
0.578
1.4324
0.2028
0.4539
1.2329
4.0014
4.001
0.5916
0.8467
0.3674
2.1002
0.9308
0.7989
4.0013
0.7716
1.1238
1.2421
0.5849
0.5752
0.7128
0.5422
0.3682
0.5242
0.5284
1.5081
0.8724
1.1612
0.3688
1.1687
4.0014
1.1767
0.5276
0.5368
0.6664
1.2355
2.1263
0.5302
0.8493
1.1767
1.1718
0.5307
0.3621
0.3768
0.5795
4.0015
1.194
0.3593
0.5293
1.2732
0.4864
0.838
0.9476
1.4949
1.491
0.5808
1.1892
0.5619
4.0016
0.9822
0.5865
1.3422
0.5984
1.1783
0.7891
0.8048
0.6833
0.1885
0.6818
0.1531
0.4853
0.7786
0.6092
1.1763
0.5416
4.0014
1.1715
0.5798
0.5775
0.3664
0.4582
0.5899
0.1552
0.9891
0.5366
1.1685
0.5314
4.0013
0.9594
4.0013
0.5826
1.5072
0.7445
1.1671
0.9935
1.1783
4.0142
0.9823
4.0053
1.1783
4.0046
1.1948
0.4941
0.5745
4.0017
0.3635
0.5194
0.5603
1.5553
0.7876
0.5832
1.2098
1.7218
0.5886
1.5412
0.5726
1.1793
1.1825
0.5354
0.4596
1.2221
0.6346
1.2277
0.6257
0.4793
0.8839
1.1908
0.3627
0.5538
0.9258
0.598
0.7988
0.5789
0.8022
1.1694
1.2055
2.0098
0.6721
0.5898
0.1457
0.2
0.7845
1.1809
1.1789
4.0011
0.4701
0.1664
0.5306
1.4581
0.874
1.1766
0.5533
0.5831
1.3646
0.6244
0.1855
0.8048
1.521
4.0012
0.4696
0.5676
0.4791
0.3614
0.3633
0.4476
0.6196
4.0015
0.8756
1.1786
1.5825
1.5805
1.4913
0.4148
1.3092
0.745
0.4379
0.561
0.8069
1.1789
1.1752
1.1725
0.3582
0.9936
0.5758
0.3651
0.6642
0.5765
0.674
0.3628
1.1937
4.0018
0.3692
0.3606
0.8019
0.1886
0.5676
0.3655
0.791
0.8988
1.1752
0.5671
4.0023
4.0015
2.2459
0.8029
1.9973
0.8757
1.1634
0.5162
0.7852
0.5214
0.5259
0.5894
0.664
0.524
1.5059
0.3704
0.685
2.6038
0.6086
0.5161
0.5685
0.1678
0.7834
0.8112
1.1955
1.1691
0.2037
0.6594
0.5741
4.0014
0.5796
1.1769
0.4612
1.1665
0.359
1.5734
0.534
1.1726
1.1746
1.2284
1.5244
0.3624
0.5111
0.4541
0.5772
1.1715
1.1712
0.4739
1.3398
0.3648
0.37
0.5968
0.4651
0.8546
0.3627
0.3867
0.1777
0.3698
1.171
1.0532
0.5103
0.878
0.6773
0.6093
1.1838
1.7631
0.524
0.7828
0.4138
1.4999
0.3581
1.0
0.543
1.7215
1.4887
4.0106
4.0122
0.144
0.6103
0.792
0.8759
4.0013
0.7875
0.767
0.7888
0.3681
0.3582
1.1642
1.5402
0.4915
1.186
1.1858
0.3734
1.5786
1.182
1.3462
0.3638
1.7338
0.7889
0.6147
0.5239
0.5089
0.7645
0.849
1.2154
1.2768
1.1828
0.8802
1.1942
1.16
1.7199
0.7735
0.3659
0.571
1.2639
0.6028
4.0015
0.5126
0.3659
0.4622
0.6027
0.8428
0.3548
0.7926
0.3699
1.0967
1.5139
0.7176
1.4802
1.1649
0.3602
0.5801
1.1745
0.1535
0.3771
0.3556
0.6641
0.1539
1.2879
0.7808
1.5794
0.8073
0.7857
0.4615
0.2197
0.5719
0.6872
0.5993
1.708
0.7978
0.7287
0.5339
0.1548
0.491
0.3653
0.5393
1.1735
1.473
1.1811
1.157
0.8521
1.1738
1.17
0.4551
1.8105
4.0013
0.7771
0.5724
0.8218
0.7915
1.4923
0.4053
0.5664
0.658
0.8879
0.1544
1.5057
0.4942
4.0111
0.3711
1.1821
0.3712
0.6995
0.5354
0.5548
0.5378
1.1667
0.9407
4.0036
1.5798
0.5377
0.8247
0.4648
1.5774
1.1766
1.1703
0.7912
0.3713
4.0012
0.5691
0.6591
0.5761
1.4226
0.7735
4.0012
0.4775
0.364
1.5043
0.3667
1.1597
2.0252
0.577
0.5931
1.1698
0.5917
2.082
4.0014
0.9859
1.4305
0.4607
1.6571
1.5874
1.426
0.7946
1.4946
0.7748
0.7795
0.6027
4.0013
0.4614
1.1759
4.0016
0.8716
0.3696
1.174
0.362
0.3596
0.203
0.5285
0.5832
0.4524
0.2165
0.951
0.5161
0.3987
0.3667
0.8239
4.0013
1.2248
0.4519
1.1832
1.1751
4.0014
0.5632
1.4139
1.1681
1.4915
1.1904
0.6555
0.7908
1.3508
0.3637
0.6387
1.1737
1.1823
0.2024
0.2125
0.7991
0.45
4.0017
0.6731
0.5151
0.3665
4.0014
1.3472
0.177
0.6649
0.4639
0.475
0.3683
0.5816
0.3698
0.7995
0.6015
0.357
1.4935
0.4773
0.7272
0.4916
1.2554
0.9904
0.6204
0.5229
0.7801
0.5648
4.0004
4.0015
0.6235
0.7414
1.2508
1.1768
0.5851
4.0008
0.6602
1.2378
0.5647
1.4339
1.3943
2.0423
0.717
1.5209
4.0012
0.6164
0.7232
0.434
0.2205
1.5766
0.606
0.5704
0.8759
0.6977
0.7283
0.5353
0.5616
2.0136
0.8102
1.3361
4.0011
0.213
0.3389
0.3692
0.9592
0.9326
0.4785
0.1532
0.4346
0.7107
0.5782
1.5163
0.7834
0.3673
1.1737
2.6207
0.6602
0.3564
0.7791
4.0015
1.1752
4.0012
1.9985
0.6553
1.6113
4.0014
1.5075
0.8027
4.0011
0.5808
0.4537
0.5473
2.8297
4.0017
0.3638
0.5886
0.7853
0.929
0.1682
0.7155
0.4367
0.4285
0.6324
0.7072
0.7297
0.4544
1.7362
1.3365
0.5415
1.1731
0.9981
1.6578
1.1731
1.1718
0.356
2.0414
0.3609
0.4697
1.1783
0.2147
0.5236
1.171
4.0012
1.4989
0.8043
0.6906
1.3805
1.1078
0.3684
0.5782
1.1803
0.2188
0.9155
1.1757
0.2135
0.5477
1.5691
1.7787
0.5242
0.7907
0.5212
0.3541
4.0014
4.0012
1.9597
0.579
1.1803
0.6866
0.5466
1.5116
0.6423
0.5758
0.5865
0.5704
4.0018
4.0025
0.363
0.5982
0.362
0.7741
1.4948
0.1442
0.3699
0.3576
0.5312
4.0012
0.5727
1.6483
0.6888
0.3651
0.8009
1.1671
1.1709
0.572
1.1813
0.597
0.4643
0.338
0.5387
0.3638
0.3731
0.4636
0.577
1.5814
0.6804
1.1748
0.9196
0.7328
0.3542
0.4061
0.4298
0.6219
0.833
0.5253
0.58
1.1697
0.1436
0.8169
0.3743
1.4981
0.5208
0.4057
0.3583
0.5312
0.5121
0.7208
0.145
0.6753
1.3382
0.5275
0.3633
4.0224
4.0056
4.0012
1.1747
4.0015
1.2148
1.156
1.1851
0.364
0.4661
0.5217
0.7014
0.7838
0.3589
0.793
0.789
4.0014
0.2154
0.5258
2.1279
0.7313
0.5903
0.3706
1.5471
0.1692
0.3661
0.5228
1.1744
1.1733
0.8847
0.3647
0.8051
0.5883
0.3651
1.1746
0.4617
0.572
0.6074
0.6153
4.0015
0.8071
1.1794
0.5814
0.6563
0.4121
0.5128
0.3615
0.5557
0.5353
0.5691
0.518
1.1706
4.0013
0.569
1.9064
1.4878
0.7882
0.3677
1.1946
0.3676
1.4982
1.2501
0.3574
0.7164
1.2181
0.801
0.3458
1.1768
0.2243
0.5712
0.5779
0.8277
0.5758
1.4887
0.4959
0.5286
1.5066
0.7468
1.2189
0.5108
0.3614
0.882
4.0012
0.5716
1.1676
0.2115
0.8016
0.8147
2.0616
1.2588
4.0015
0.2147
0.8733
0.7991
0.5271
0.6593
0.6942
0.4439
0.4609
0.8209
0.8052
0.5301
1.1799
0.7884
0.8011
0.1931
0.3652
0.168
1.1653
4.0014
0.6758
1.3342
0.5634
1.4414
4.0016
1.6601
0.6072
1.1746
1.104
1.1927
0.7917
4.0014
0.985
2.0487
0.5471
2.0398
0.5728
0.6673
0.5505
0.8206
1.6298
0.583
1.176
0.362
1.1689
0.5708
0.3406
0.57
0.3627
0.574
1.4326
0.5835
1.183
0.526
4.0013
1.1755
0.3608
1.5736
1.1712
1.4943
1.5104
0.7901
0.5827
1.1705
0.4835
0.5717
1.1863
0.5355
2.061
0.5646
0.7839
0.5109
0.5737
1.1657
0.7782
0.3631
0.3645
0.4538
0.2039
0.5906
0.7565
1.1761
1.179
0.5353
1.1618
0.5433
1.4877
1.5218
0.5851
4.0011
0.3661
0.3653
0.3654
0.3672
0.5098
1.9872
0.7054
0.9501
0.6666
4.0014
0.8591
0.4455
0.5848
0.5349
0.5607
0.3662
0.5805
0.5424
0.5313
0.3632
1.6371
0.5898
0.364
0.8045
1.1917
1.6823
0.6244
0.561
0.7881
1.1594
1.4386
1.2212
1.0103
0.777
0.9221
0.5737
0.226
0.1604
0.5288
0.3703
0.5901
0.7768
0.7864
0.6102
0.2047
4.0013
1.1671
0.365
0.2001
0.3651
0.462
3.0747
0.3548
2.6364
0.7841
0.4518
0.7119
0.3629
0.3589
0.5207
0.5282
1.1737
0.8106
0.795
0.5109
0.5284
0.7924
1.5787
0.5379
0.2009
0.7802
0.4608
0.7097
1.179
1.2309
0.167
0.7149
1.5065
4.0011
4.0011
0.522
1.4899
1.581
1.1791
4.0011
4.0013
0.7598
0.863
0.4007
4.0015
1.2253
4.0013
1.4558
0.5771
0.9459
4.0025
1.4993
0.5382
0.9486
0.7176
1.1724
0.8181
1.1785
1.5529
0.3672
1.1637
1.1034
1.1783
1.1916
0.199
0.4763
0.7762
1.514
4.0024
0.5258
1.1826
0.3604
0.3608
0.8224
1.1829
0.1683
0.6782
0.1708
1.1697
0.798
1.2231
1.1681
1.1707
1.1834
0.5121
0.5766
4.0024
0.5525
1.174
0.3578
0.8766
0.9235
2.1603
0.5934
0.6545
1.165
1.4864
0.5195
0.8097
0.5649
0.3714
0.145
1.1849
0.3552
0.4509
0.3593
0.3638
1.1785
0.688
1.5025
1.173
0.9871
0.7948
0.5188
4.0024
0.5651
0.3696
0.7891
0.528
0.8753
0.3629
0.361
1.4825
1.4967
0.3625
0.5614
0.3321
1.0
0.1696
0.5894
0.3875
0.5222
0.534
0.5284
0.671
0.4449
0.7938
0.7718
0.3697
0.8293
0.1539
0.7864
0.3627
1.368
0.9857
4.0017
4.0015
0.3625
1.1713
0.5222
0.5556
0.5724
0.7497
0.4434
0.6037
0.7932
0.5735
0.5259
0.3598
1.4235
1.2688
0.7414
0.9383
0.164
1.0163
0.3693
0.5873
0.3583
0.4496
0.5775
0.7426
4.0011
1.9928
1.7186
0.3433
0.6002
0.5238
1.6186
0.6356
0.5198
0.4691
1.0182
0.359
0.4933
0.686
0.999
0.4371
1.616
0.7774
0.7259
0.4573
0.3413
0.6767
0.5388
0.3623
0.5674
1.9424
0.5899
0.8472
0.5646
0.3643
4.0014
0.3796
0.575
0.7919
1.1778
1.5055
1.4314
0.3654
4.0053
0.7384
4.0016
0.5104
0.3641
0.2659
0.3731
0.6601
0.5338
0.5325
1.4775
1.4784
1.1749
1.1682
0.7873
1.5129
1.2522
4.0063
0.1731
0.7842
1.2067
0.5715
0.5848
0.5526
0.3387
0.8107
0.7956
0.6141
1.0421
0.5809
0.5702
0.4219
0.3581
1.5026
0.665
0.1701
1.1764
0.7833
1.173
0.5443
0.511
0.6216
0.588
0.5207
0.5917
0.6468
0.788
1.7211
0.782
0.4847
1.2159
0.727
1.7726
0.4589
1.2763
1.0425
4.0014
1.3464
1.1829
0.1536
4.0011
4.0015
0.7911
0.3602
0.3613
0.5071
0.9402
1.1651
0.8739
0.527
0.4757
1.1806
1.1049
0.366
1.5756
4.0013
0.8144
0.5275
0.7929
0.3911
0.7889
2.596
4.0012
1.4687
1.1639
4.0014
1.1791
0.5766
1.6776
0.3661
1.1659
0.6075
0.5279
1.1994
0.2075
1.4419
0.1678
0.9989
4.0017
0.3631
0.365
4.0022
0.5853
0.3537
1.1597
0.3815
0.9179
0.6548
1.668
0.8696
4.0022
0.524
0.3614
1.1724
0.3662
4.0014
1.1824
4.0012
1.5078
0.736
0.4371
0.5012
1.2687
1.0423
0.8436
4.0014
0.4549
0.7233
4.0012
0.6658
0.4782
0.816
0.7913
0.4824
1.2225
1.3327
0.9076
0.415
0.5963
0.5358
2.4095
0.6479
0.5311
4.0012
2.0667
4.0015
0.4613
0.4337
0.7282
0.2266
0.7438
0.6575
0.3596
1.203
0.3654
0.5199
4.0011
1.3753
0.3734
0.4629
4.0014
4.0021
1.3198
4.0013
1.4282
0.9755
4.0007
1.3374
0.6777
0.2166
1.6603
0.4272
1.1573
1.697
4.0011
1.3788
4.0011
0.5485
4.0013
1.3015
0.6669
0.1619
1.0545
1.615
0.7841
4.0011
4.0014
0.8302
0.3626
2.2131
4.0012
1.7212
2.2532
1.363
4.0015
1.2607
0.7849
0.8936
0.4394
0.6463
0.1882
0.3988
0.2026
0.5514
4.0014
4.0014
4.0012
0.6391
4.0012
4.0011
1.3576
4.0012
0.4373
0.9326
1.6115
0.3692
4.0042
0.8626
0.5375
0.1678
0.8004
0.3631
0.5219
1.6423
1.5431
0.5721
4.0032
4.0054
1.1781
0.1438
0.9567
4.0022
4.002
0.624
4.0017
0.336
4.0016
0.9338
0.7543
0.3579
0.6991
0.5771
0.8081
1.402
4.0014
4.0015
0.2121
0.3732
0.723
0.4619
4.0014
0.4379
2.1545
0.8397
0.5357
4.0016
0.4713
0.5903
0.6247
0.37
0.7307
0.3658
0.7957
1.2788
0.6852
0.5773
1.2685
4.0015
4.0013
4.0014
0.7788
1.1912
0.7489
2.3894
0.4354
0.532
0.9615
0.4686
0.376
1.216
0.4695
0.5444
0.5991
1.3984
4.0012
1.2984
0.5826
1.554
1.7692
1.6849
1.3704
1.3694
1.3401
0.3606
0.4922
4.0014
0.2369
0.5331
4.0015
1.0214
4.0012
4.0014
1.0921
1.4858
4.0014
0.4486
1.6362
0.437
0.7184
0.6278
0.5354
0.721
0.2232
0.8326
0.2254
0.1437
4.0013
1.3132
0.5285
0.7278
0.3576
1.3086
0.6236
0.4664
0.4518
0.8604
1.243
1.8291
1.0659
0.7292
1.2373
0.6331
0.472
1.0236
0.3795
0.7937
0.5698
2.4577
1.2452
0.6064
0.4557
0.6313
0.4214
0.4185
1.6384
1.246
0.6222
0.4346
1.2256
1.3196
1.2693
0.7899
4.0013
0.3811
0.4226
1.6424
0.4352
0.4353
1.2125
1.1604
0.6302
1.6518
0.8523
0.809
0.2392
1.1841
0.2122
0.3745
0.6118
1.3292
1.3725
4.0019
0.4567
0.3632
1.2939
0.4866
0.7001
0.4616
0.593
1.1382
0.529
4.0015
0.8255
0.5905
0.459
1.2
0.5584
0.6091
0.5481
0.9361
1.636
4.0013
1.6411
0.6314
1.3395
1.0535
0.4547
4.0018
